4499.00     4881.40         
3408.90     3511.80         
1967.60     2078.80         
1045.50     1106.90         
873.2       971.5         
897.3       956.8         
685.4       693.1         
677.8       684.8         
650.4       680.6         
413.1       426.3         
402.1       431.7                 
385.5       393.1                 
345.3       359.2         
317.6       318.8         
291.6       313.8         
282         305.3                 
227.6       230.5         
199.1       198.1                 
176.5       176.2         
162.7       158.7         
163.9       156.7         
151.3       154.9         
142.2       141.5         
128.5       124.6         
127.9       128.1        
