4,499.00    4,586.70    4,669.30    4,763.20    4,881.40
3,408.90    3,423.90    3,447.60    3,474.90    3,511.80
1,967.60    1,998.40    2,028.40    2,058.70    2,078.80
1,045.50    1,055.60    1,068.60    1,086.10    1,106.90
873.2       903         926.1       947.3       971.5
897.3       914.3       928.1       941.8       956.8
685.4       686.6       688.4       690.5       693.1
677.8       677.8       679.7       682.1       684.8
650.4       657.8       664.7       672.2       680.6
413.1       415.9       418.5       422.1       426.3
402.1       408.5       415.5       423.2       431.7
385.5       387.5       388.8       390.9       393.1
345.3       348.9       352.8       355.9       359.2
317.6       316.8       317         317.1       318.8
291.6       295.9       300.6       306.8       313.8
282         287.5       292.4       298.9       305.3
227.6       229.5       230.7       231         230.5
199.1       199.2       199.8       199.3       198.1
176.5       175.2       175.3       175.8       176.2
162.7       162.6       161.9       160.5       158.7
163.9       162         159.4       158.1       156.7
151.3       152.3       152.6       153.6       154.9
142.2       141.9       141.9       141.6       141.5
128.5       127.5       126.9       125.8       124.6
127.9       127.5       127.6       127.7       128.1
